barry<-structure(c(0.9993, 0.9956, 0.9967, 1.0007, 1.0008, 0.9984, 0.9995, 
1.0039, 1.0083, 1.0011, 0.9991, 0.9994, 0.9915, 0.9766, 0.972, 
0.9676, 0.9623, 0.9664, 0.9763, 0.9799, 0.9864, 0.983, 0.9874, 
0.9882, 0.9948, 1.0004, 1.0005, 1.011, 1.0286, 1.0264, 1.0309, 
1.0354, 1.0263, 1.0251, 1.0139, 1.0139, 1.0065, 0.9935, 0.9859, 
0.9836, 0.9802, 0.9736, 0.9722, 0.9854, 0.9751, 0.9727, 0.9859, 
1.0183, 1.0103, 1.0279, 1.0513, 1.0515, 1.0486, 1.0577, 1.0612, 
1.075, 1.0733, 1.0989, 1.1093, 1.0973, 1.1012, 1.113, 1.1258, 
1.1417, 1.1186, 1.1218, 1.1246, 1.1404, 1.1664, 1.1828, 1.1731, 
1.1798, 1.1899, 1.1956, 1.1739, 1.1464, 1.1556, 1.1724, 1.1639, 
1.1706, 1.1653, 1.1754, 1.1797, 1.17, 1.164, 1.1555, 1.1731, 
1.1861, 1.1741, 1.1516, 1.1523, 1.1592, 1.1647, 1.1691, 1.1864, 
1.1968, 1.1909, 1.1984, 1.1914, 1.191, 1.201, 1.2041, 1.2107, 
1.2232, 1.2008, 1.2029, 1.1872, 1.1851, 1.1926, 1.214, 1.2205, 
1.2252, 1.2336, 1.2756, 1.27, 1.2452, 1.2348, 1.2301, 1.2262, 
1.2385, 1.2287, 1.2277, 1.2263, 1.2325, 1.2292, 1.2323, 1.2323, 
1.2338, 1.2326, 1.232, 1.2367, 1.2469, 1.2484, 1.248, 1.2697, 
1.2796, 1.2944, 1.304, 1.3238, 1.3035, 1.3145, 1.319, 1.3168, 
1.3201, 1.324, 1.3547, 1.384, 1.3658, 1.3756, 1.3676, 1.3526, 
1.3575, 1.3703, 1.3667, 1.3765, 1.3955, 1.407, 1.4043, 1.4009, 
1.3879, 1.3757, 1.3899, 1.3808, 1.3885, 1.3873, 1.3885, 1.3863, 
1.3801, 1.3606, 1.334, 1.3194, 1.3192, 1.3411, 1.3387, 1.3262, 
1.3256, 1.3154, 1.3097, 1.3167, 1.3075, 1.2855, 1.2682, 1.2492, 
1.2353, 1.2373, 1.2176, 1.2075, 1.2237, 1.2267, 1.2055, 1.2186, 
1.1962, 1.1913, 1.1891, 1.1954, 1.1888, 1.1925, 1.1986, 1.1891, 
1.1758, 1.1828, 1.1749, 1.1697, 1.1613, 1.172, 1.1965, 1.18, 
1.1641, 1.1747, 1.173, 1.157, 1.1448, 1.1583, 1.16, 1.1635, 1.1603, 
1.156, 1.1549, 1.1572, 1.1535, 1.1499, 1.1439, 1.1493, 1.1452, 
1.137, 1.1279, 1.1302, 1.1467, 1.1571, 1.1825, 1.1928, 1.1874, 
1.1991, 1.196, 1.1924, 1.1907, 1.2225, 1.2453, 1.2674, 1.2725, 
1.2779, 1.2602, 1.2471, 1.2621, 1.2698, 1.2789, 1.282, 1.308, 
1.3215, 1.3263, 1.3174, 1.3308, 1.3173, 1.3424, 1.3644, 1.383, 
1.3808, 1.3836, 1.3826, 1.3783, 1.354, 1.3503, 1.3647, 1.3893, 
1.4132, 1.4005, 1.4077, 1.3762, 1.3609, 1.3775, 1.3612, 1.3552, 
1.3509, 1.3458, 1.3534, 1.3693, 1.3669, 1.3752, 1.3656, 1.3592, 
1.3693, 1.3658, 1.3697, 1.3722, 1.3694, 1.3508, 1.3381, 1.3622, 
1.3494, 1.3556, 1.3725, 1.3942, 1.3804, 1.3843, 1.3775, 1.3905, 
1.3872, 1.3869, 1.4128, 1.4271, 1.4409, 1.4334, 1.4166, 1.4298, 
1.4452, 1.4655, 1.4869, 1.5346, 1.5218, 1.5452, 1.5404, 1.5433, 
1.5194, 1.4977, 1.5176, 1.4881, 1.4611, 1.4695, 1.489, 1.4932, 
1.4771, 1.4776, 1.4674, 1.4722, 27.98, 28.17, 28.44, 28.63, 28.81, 
29.01, 29.07, 29.6, 29.69, 29.93, 30.15, 30.34, 30.61, 31, 31.35, 
31.53, 31.88, 32.18, 32.42, 32.84, 33.24, 33.52, 33.81, 34.05, 
34.2, 34.44, 34.57, 34.75, 34.9, 35.19, 35.56, 35.67, 35.84, 
36.06, 36.28, 36.43, 36.52, 36.61, 36.7, 36.85, 37.07, 37.27, 
37.49, 37.66, 37.81, 37.97, 38.08, 38.19, 38.41, 38.8, 39.04, 
39.35, 39.57, 39.83, 40.01, 40.16, 40.31, 40.42, 40.62, 40.77, 
41.01, 41.28, 41.58, 41.96, 42.35, 42.79, 43.09, 43.34, 43.66, 
44.01, 44.26, 44.45, 44.85, 45.37, 45.81, 46.34, 46.91, 47.45, 
47.96, 48.44, 48.94, 49.38, 49.84, 50.37, 51.09, 51.79, 52.54, 
53.13, 53.65, 54.25, 54.29, 54.64, 55.14, 55.63, 56.13, 56.61, 
57.07, 57.66, 58.08, 58.45, 58.93, 59.44, 60.12, 60.58, 61.19, 
61.32, 61.5, 61.67, 61.89, 62.09, 62.02, 62.29, 62.9, 63.67, 
64.02, 64.15, 64.26, 64.43, 64.32, 64.06, 64.21, 64.24, 64.28, 
64.74, 65.09, 65.31, 65.57, 65.79, 66.12, 66.3, 66.41, 66.49, 
66.87, 67.17, 67.33, 67.65, 67.85, 68.07, 68.29, 68.57, 68.9, 
69.08, 69.08, 69.12, 69.25, 69.54, 69.84, 70.13, 70.39, 70.61, 
70.72, 70.87, 71.09, 71.31, 71.55, 71.73, 71.95, 71.75, 71.42, 
71.27, 71.49, 71.84, 71.86, 71.99, 72.34, 72.41, 72.47, 72.54, 
72.98, 73.26, 73.59, 73.99, 74.2, 74.51, 74.66, 75.08, 75.45, 
75.65, 75.76, 75.73, 75.93, 76.12, 76.45, 76.85, 77.11, 77.44, 
77.76, 78.09, 78.62, 78.88, 78.95, 79.08, 79.47, 79.8, 80.26, 
80.78, 81.24, 81.44, 81.64, 81.77, 82.03, 82.42, 82.62, 82.75, 
83.6, 84, 84.46, 84.59, 84.79, 85.25, 85.57, 86.36, 87.08, 87.61, 
87.8, 87.8, 88.33, 88.46, 88.59, 88.72, 88.99, 89.25, 89.38, 
89.64, 90.04, 90.17, 90.43, 90.5, 90.63, 90.95, 91.41, 91.55, 
91.68, 92, 92.2, 92.46, 92.73, 93.05, 93.19, 93.12, 93.58, 93.91, 
94.24, 94.5, 94.63, 94.76, 94.76, 95.02, 95.22, 95.61, 95.68, 
95.68, 95.94, 96.27, 96.6, 96.73, 96.8, 97.12, 97.39, 97.78, 
98.04, 98.11, 98.24, 98.24, 98.63, 99.03, 99.35, 99.68, 99.88, 
100.08, 100.08, 100.34, 100.54, 100.86, 100.8, 100.73, 101.32, 
101.65, 102.18, 102.57, 102.77, 102.83, 103.03, 103.23, 103.56, 
103.88, 104.08, 104.08, 104.41, 104.74, 105, 105.13, 105.06, 
105.2, 105.33, 105.52, 105.79, 106.05, 105.98, 105.85, 106.05, 
106.25, 106.44, 106.64, 106.84, 106.97, 107.1, 107.23, 107.36, 
107.62, 107.62, 107.56, 107.82, 107.95, 108.28, 109.07, 109.07, 
109.07, 109.4, 109.66, 110.18, 110.38, 110.45, 110.45, 25.86, 
26, 26.07, 26.36, 26.55, 26.79, 27.03, 27.39, 27.56, 27.63, 27.84, 
27.99, 28.2, 28.49, 28.77, 28.99, 29.47, 29.85, 30.06, 30.35, 
30.54, 30.83, 31.16, 31.47, 31.61, 31.85, 32.02, 32.19, 32.45, 
32.93, 33.38, 33.72, 33.79, 34.1, 34.41, 34.46, 34.65, 34.77, 
34.91, 35.05, 35.34, 35.51, 35.65, 35.82, 35.98, 36.22, 36.34, 
36.46, 36.77, 37.11, 37.49, 37.7, 38.01, 38.28, 38.63, 38.8, 
39.02, 39.4, 39.66, 39.92, 40.07, 40.33, 40.78, 40.88, 41.45, 
41.81, 42.43, 42.46, 42.38, 42.81, 43.17, 43.29, 43.63, 44.03, 
44.56, 44.87, 45.3, 45.51, 45.87, 46.04, 46.44, 46.78, 47.23, 
47.52, 47.78, 48.19, 48.71, 49, 49.57, 50.12, 50.5, 50.98, 51.43, 
51.89, 52.53, 52.84, 53.55, 54.08, 54.75, 55.2, 55.65, 56.55, 
57, 57.45, 57.9, 58.42, 58.95, 59.25, 59.62, 60.37, 61.12, 61.42, 
62.32, 62.92, 63.22, 63.52, 63.89, 64.27, 64.72, 64.72, 64.57, 
64.86, 65.54, 65.54, 65.69, 66.44, 66.66, 67.04, 67.04, 67.41, 
67.41, 67.64, 68.01, 68.39, 68.54, 68.76, 68.83, 69.13, 69.51, 
69.51, 69.58, 69.73, 70.18, 70.18, 70.48, 70.93, 71.08, 71.38, 
71.53, 71.98, 72.21, 72.28, 72.43, 72.65, 72.95, 73.25, 73.63, 
73.85, 74.08, 74.15, 74.53, 74.6, 75.2, 75.43, 75.43, 75.8, 76.18, 
76.32, 76.47, 76.85, 77.15, 77.52, 77.97, 78.2, 78.72, 78.8, 
78.8, 79.1, 79.4, 79.47, 79.62, 79.92, 80.37, 80.59, 81.12, 81.27, 
81.72, 81.94, 82.02, 82.39, 82.62, 82.62, 83.07, 83.59, 84.04, 
84.26, 85.16, 85.61, 86.14, 86.21, 86.36, 86.66, 86.96, 86.89, 
87.64, 88.16, 88.46, 88.46, 88.91, 89.28, 89.73, 89.81, 90.03, 
90.78, 91.31, 91.23, 93.63, 93.63, 94, 94, 94.45, 94.9, 94.98, 
95.05, 94.9, 94.75, 95.13, 94.68, 95.13, 95.2, 95.5, 95.57, 95.72, 
95.95, 96.17, 96.17, 96.1, 96.25, 96.7, 96.7, 97.07, 97.37, 97.3, 
97.3, 97.45, 97.52, 97.75, 97.82, 97.9, 98.05, 98.5, 98.35, 98.35, 
97.6, 97.45, 97.52, 97.3, 97.52, 97.9, 97.97, 98.05, 97.9, 98.42, 
98.57, 98.94, 99.42, 99.61, 99.9, 100.18, 100.18, 100.38, 100.18, 
100.28, 100.18, 100.47, 100.28, 100.57, 100.66, 101.05, 101.34, 
101.62, 101.62, 101.62, 101.62, 101.82, 102.01, 102.49, 102.49, 
102.68, 102.87, 103.06, 103.06, 103.16, 103.35, 103.35, 103.54, 
103.45, 103.54, 103.35, 103.26, 103.83, 103.93, 104.02, 103.93, 
104.28, 104.46, 104.41, 104.41, 104.12, 104.57, 104.66, 104.29, 
104.58, 104.5, 105.08, 105.65, 105.85, 106.04, 106.33, 106.61, 
106.9, 107, 106.9, 107), .Dim = c(324L, 3L), .Dimnames = list(
    NULL, c("dolcan", "cpiUSA", "cpiCAN")), .Tsp = c(1973, 1999.91666666667, 
12), class = c("mts", "ts"))
