zeroyld <- structure(list(c(1951, 1951, 1951, 1951, 1951, 1951, 1951, 1951, 
1951, 1951, 1951, 1951, 1952, 1952, 1952, 1952, 1952, 1952, 1952, 
1952, 1952, 1952, 1952, 1952, 1953, 1953, 1953, 1953, 1953, 1953, 
1953, 1953, 1953, 1953, 1953, 1953, 1954, 1954, 1954, 1954, 1954, 
1954, 1954, 1954, 1954, 1954, 1954, 1954, 1955, 1955, 1955, 1955, 
1955, 1955, 1955, 1955, 1955, 1955, 1955, 1955, 1956, 1956, 1956, 
1956, 1956, 1956, 1956, 1956, 1956, 1956, 1956, 1956, 1957, 1957, 
1957, 1957, 1957, 1957, 1957, 1957, 1957, 1957, 1957, 1957, 1958, 
1958, 1958, 1958, 1958, 1958, 1958, 1958, 1958, 1958, 1958, 1958, 
1959), c(1, 2, 3, 4, 5, 6, 7, 8, 9, 10, 11, 12, 1, 2, 3, 4, 5, 
6, 7, 8, 9, 10, 11, 12, 1, 2, 3, 4, 5, 6, 7, 8, 9, 10, 11, 12, 
1, 2, 3, 4, 5, 6, 7, 8, 9, 10, 11, 12, 1, 2, 3, 4, 5, 6, 7, 8, 
9, 10, 11, 12, 1, 2, 3, 4, 5, 6, 7, 8, 9, 10, 11, 12, 1, 2, 3, 
4, 5, 6, 7, 8, 9, 10, 11, 12, 1, 2, 3, 4, 5, 6, 7, 8, 9, 10, 
11, 12, 1), c(36, 36, 41, 41, 41, 41, 41, 41, 41, 41, 41, 40, 
40, 40, 40, 40, 40, 40, 40, 40, 40, 40, 40, 39, 39, 39, 39, 50, 
50, 49, 44, 44, 44, 44, 44, 44, 44, 44, 44, 44, 44, 43, 43, 43, 
43, 43, 43, 43, 56, 55, 55, 55, 55, 55, 55, 55, 55, 55, 55, 55, 
55, 55, 55, 55, 55, 55, 55, 55, 55, 46, 46, 46, 46, 46, 46, 46, 
46, 45, 45, 45, 45, 45, 45, 40, 52, 51, 51, 51, 51, 51, 51, 51, 
51, 51, 51, 51, 51), c(35, 35, 35, 35, 34, 34, 35, 34, 34, 36, 
36, 36, 36, 35, 34, 35, 35, 35, 35, 34, 34, 36, 37, 37, 37, 38, 
37, 39, 39, 39, 39, 39, 39, 41, 41, 41, 41, 42, 42, 44, 45, 43, 
43, 44, 45, 46, 47, 47, 49, 49, 48, 49, 49, 49, 49, 49, 49, 50, 
50, 50, 50, 50, 48, 49, 48, 48, 48, 48, 48, 48, 48, 49, 49, 49, 
46, 47, 48, 48, 49, 49, 50, 50, 52, 51, 53, 54, 53, 54, 54, 54, 
52, 53, 52, 55, 56, 60, 64), c(17.091, 13.428, 4.103, 6.599, 
6.341, 4.979, 7.212, 4.842, 5.526, 6.016, 4.633, 3.718, 2.781, 
4.263, 4.613, 3.423, 3.111, 3.339, 3.098, 2.878, 3.059, 2.488, 
2.748, 2.545, 2.574, 2.925, 2.198, 2.48, 1.971, 1.701, 1.417, 
1.216, 1.992, 2.35, 2.198, 2.267, 2.997, 4.221, 4.47, 4.041, 
3.57, 3.419, 4.307, 5.166, 5.065, 6.122, 4.558, 4.023, 3.324, 
3.724, 3.618, 3.117, 3.343, 3.045, 3.791, 3.094, 2.601, 4.24, 
4.309, 3.459, 2.772, 2.328, 2.899, 2.428, 2.795, 2.054, 2.825, 
3.195, 3.836, 3.378, 3.813, 3.163, 2.133, 2.138, 2.95, 2.786, 
2.703, 4.058, 4.425, 5.398, 5.493, 5.485, 5.734, 1.94, 2.962, 
2.786, 3.964, 4.033, 8.532, 4.323, 4.621, 3.482, 4.661, 4.76, 
5.113, 3.701, 4.016), c(0.07, 0, 0, 0, 0.32, 0.07, 0.05, 0.21, 
0.19, 0.38, 0.17, 0, 0, 0.37, 0.5, 0.52, 0.52, 0.5, 0.34, 0.39, 
0.29, 0.23, 0.21, 0.23, 0.26, 0.23, 0.09, 0.28, 0.26, 0.14, 0.26, 
0.37, 0.27, 0.52, 0.48, 0.4, 0.7, 0.65, 0.7, 0.7, 0.7, 0.7, 0.7, 
0.7, 0.6, 0.7, 0.7, 0.63, 0.5, 0.39, 0.37, 0.36, 0.35, 0.31, 
0.2, 0.2, 0.27, 0.29, 0.26, 0.2, 0.21, 0.21, 0.22, 0.12, 0.14, 
0.19, 0.2, 0.19, 0.16, 0.19, 0.15, 0.19, 0, 0.09, 0.13, 0.09, 
0.05, 0, 0.01, 0.04, 0.19, 0.14, 0.4, 0.26, 0.41, 0.52, 0.54, 
0.42, 0.58, 0.3, 0.35, 0.18, 0.11, 0, 0.15, 0.05, 0.13), c(0.798, 
0.779, 1.239, 0.933, 0.965, 0.898, 1.294, 1.321, 1.494, 0.814, 
1.053, 1.548, 0.942, 0.905, 1.103, 1.39, 1.426, 1.652, 1.715, 
1.463, 1.062, 1.321, 1.546, 1.819, 1.625, 1.857, 1.948, 1.777, 
1.428, 1.18, 1.721, 1.622, 0.858, 0.648, 1.365, 1.094, 1.049, 
0.844, 0.991, 0.621, 0.514, 0.668, 0.637, 1.297, 0.899, 0.719, 
0.857, 0.923, 1.185, 0.908, 1.329, 1.437, 0.91, 1.04, 1.555, 
1.827, 2.163, 2.032, 1.803, 2.341, 2.237, 1.603, 2.127, 2.61, 
2.128, 2.244, 1.879, 2.124, 2.502, 2.271, 2.53, 3.099, 3.052, 
2.394, 2.81, 3.053, 3.141, 2.805, 2.66, 2.502, 2.778, 3.103, 
2.06, 2.664, 1.533, 1.1, 0.944, 1.179, 0, 0.837, 0.542, 1.354, 
1, 1.08, 0.832, 2.128, 2.322), c(1.209, 1.21, 1.439, 1.329, 1.344, 
1.382, 1.491, 1.538, 1.596, 1.258, 1.388, 1.696, 1.332, 1.342, 
1.374, 1.579, 1.642, 1.747, 1.802, 1.712, 1.459, 1.589, 1.781, 
1.941, 1.819, 2.019, 1.987, 2.062, 1.935, 1.606, 1.936, 1.79, 
1.22, 0.975, 1.439, 1.248, 0.958, 0.887, 0.985, 0.673, 0.603, 
0.62, 0.679, 1.107, 0.903, 0.845, 0.929, 0.949, 1.097, 1.139, 
1.328, 1.496, 1.152, 1.271, 1.667, 1.948, 2.145, 2.052, 2.111, 
2.424, 2.278, 1.969, 2.198, 2.628, 2.374, 2.333, 2.082, 2.396, 
2.7, 2.56, 2.806, 3.077, 3.064, 2.938, 2.886, 3.021, 3.21, 3.083, 
3.056, 3.072, 3.228, 3.361, 2.635, 2.728, 1.456, 1.137, 0.99, 
1.155, 0.249, 0.747, 0.704, 1.872, 1.949, 1.822, 1.904, 2.419, 
2.467), c(1.445, 1.455, 1.555, 1.546, 1.556, 1.638, 1.606, 1.647, 
1.657, 1.527, 1.579, 1.79, 1.537, 1.56, 1.524, 1.681, 1.75, 1.804, 
1.857, 1.85, 1.698, 1.748, 1.923, 2.017, 1.925, 2.108, 2.014, 
2.228, 2.225, 1.888, 2.063, 1.894, 1.461, 1.193, 1.495, 1.354, 
0.92, 0.92, 0.987, 0.713, 0.657, 0.604, 0.71, 0.999, 0.92, 0.93, 
0.983, 0.978, 1.072, 1.288, 1.347, 1.55, 1.323, 1.431, 1.754, 
2.039, 2.14, 2.075, 2.307, 2.486, 2.308, 2.179, 2.262, 2.657, 
2.534, 2.399, 2.238, 2.577, 2.84, 2.764, 3.006, 3.152, 3.1, 3.185, 
2.953, 3.031, 3.261, 3.261, 3.296, 3.4, 3.529, 3.541, 3.007, 
2.768, 1.444, 1.197, 1.047, 1.156, 0.485, 0.716, 0.83, 2.203, 
2.57, 2.296, 2.583, 2.62, 2.615), c(1.537, 1.546, 1.609, 1.634, 
1.645, 1.733, 1.654, 1.682, 1.69, 1.647, 1.659, 1.835, 1.62, 
1.648, 1.59, 1.723, 1.792, 1.833, 1.887, 1.912, 1.808, 1.822, 
1.989, 2.055, 1.971, 2.145, 2.033, 2.301, 2.352, 2.035, 2.123, 
1.951, 1.592, 1.313, 1.534, 1.416, 0.925, 0.945, 0.996, 0.746, 
0.694, 0.615, 0.731, 0.96, 0.945, 0.983, 1.021, 1.009, 1.094, 
1.378, 1.385, 1.599, 1.43, 1.529, 1.817, 2.101, 2.147, 2.1, 2.408, 
2.527, 2.329, 2.277, 2.322, 2.697, 2.619, 2.446, 2.352, 2.691, 
2.93, 2.89, 3.149, 3.289, 3.144, 3.289, 3.012, 3.072, 3.298, 
3.363, 3.422, 3.582, 3.698, 3.65, 3.192, 2.785, 1.49, 1.269, 
1.112, 1.177, 0.63, 0.739, 0.923, 2.379, 2.885, 2.534, 2.909, 
2.745, 2.764), c(1.575, 1.579, 1.641, 1.678, 1.691, 1.774, 1.674, 
1.694, 1.712, 1.706, 1.697, 1.861, 1.665, 1.697, 1.629, 1.746, 
1.816, 1.853, 1.907, 1.948, 1.868, 1.864, 2.025, 2.077, 1.998, 
2.164, 2.047, 2.341, 2.422, 2.114, 2.159, 1.992, 1.669, 1.388, 
1.565, 1.459, 0.946, 0.966, 1.009, 0.777, 0.726, 0.635, 0.75, 
0.95, 0.973, 1.023, 1.052, 1.041, 1.131, 1.447, 1.429, 1.645, 
1.505, 1.6, 1.87, 2.149, 2.158, 2.126, 2.469, 2.56, 2.346, 2.336, 
2.377, 2.741, 2.671, 2.483, 2.444, 2.781, 2.998, 2.977, 3.265, 
3.425, 3.183, 3.35, 3.066, 3.12, 3.329, 3.436, 3.507, 3.714, 
3.806, 3.724, 3.284, 2.79, 1.563, 1.341, 1.18, 1.206, 0.74, 0.79, 
0.998, 2.491, 3.043, 2.668, 3.07, 2.837, 2.896), c(1.59, 1.589, 
1.665, 1.704, 1.72, 1.794, 1.684, 1.698, 1.73, 1.74, 1.719, 1.878, 
1.693, 1.729, 1.656, 1.761, 1.831, 1.869, 1.924, 1.975, 1.907, 
1.893, 2.049, 2.094, 2.016, 2.176, 2.059, 2.368, 2.469, 2.166, 
2.186, 2.026, 1.724, 1.444, 1.592, 1.493, 0.973, 0.986, 1.023, 
0.805, 0.757, 0.659, 0.768, 0.951, 1.002, 1.058, 1.079, 1.072, 
1.173, 1.505, 1.475, 1.689, 1.566, 1.658, 1.918, 2.191, 2.172, 
2.152, 2.513, 2.588, 2.361, 2.379, 2.43, 2.784, 2.71, 2.516, 
2.526, 2.858, 3.055, 3.047, 3.362, 3.541, 3.213, 3.391, 3.115, 
3.168, 3.357, 3.494, 3.573, 3.817, 3.888, 3.782, 3.338, 2.79, 
1.642, 1.412, 1.246, 1.237, 0.834, 0.851, 1.066, 2.576, 3.137, 
2.759, 3.165, 2.91, 3.005), c(1.596, 1.589, 1.683, 1.722, 1.741, 
1.805, 1.69, 1.697, 1.746, 1.762, 1.734, 1.891, 1.715, 1.754, 
1.678, 1.772, 1.843, 1.882, 1.939, 1.996, 1.937, 1.916, 2.068, 
2.107, 2.031, 2.185, 2.071, 2.387, 2.504, 2.203, 2.208, 2.057, 
1.767, 1.49, 1.618, 1.523, 1.003, 1.006, 1.039, 0.833, 0.786, 
0.685, 0.786, 0.957, 1.031, 1.09, 1.105, 1.104, 1.217, 1.559, 
1.521, 1.731, 1.619, 1.71, 1.963, 2.228, 2.186, 2.177, 2.549, 
2.613, 2.375, 2.413, 2.481, 2.826, 2.741, 2.547, 2.599, 2.928, 
3.107, 3.106, 3.445, 3.629, 3.235, 3.42, 3.161, 3.214, 3.382, 
3.544, 3.626, 3.901, 3.954, 3.83, 3.373, 2.788, 1.723, 1.479, 
1.311, 1.269, 0.919, 0.915, 1.129, 2.647, 3.2, 2.829, 3.228, 
2.969, 3.09), c(1.596, 1.584, 1.699, 1.735, 1.757, 1.81, 1.693, 
1.695, 1.76, 1.778, 1.745, 1.902, 1.731, 1.774, 1.697, 1.781, 
1.852, 1.895, 1.953, 2.015, 1.961, 1.935, 2.082, 2.118, 2.044, 
2.192, 2.082, 2.403, 2.533, 2.234, 2.228, 2.085, 1.804, 1.531, 
